48
62
70
120
169
179
207
234
243
268
311
374
579
606
608
642
647
731
802
880
1028
1036
1169
1181
1182
1275
1411
1633
1644
1645
1648
1654
1674
1699
1760
1777
1803
1816
1854
2073
2081
2136
2174
2198
2230
2234
2267
2281
2546
2567
2584
2588
2644
2652
2686
2702
2708
2718
2834
2871
2946
3005
3079
3189
3227
3328
3342
3354
3387
3661
3669
3770
3780
3846
3855
3857
3887
4147
4151
4163
4181
4230
4257
4262
4278
4288
4329
4391
4621
4648
4711
4716
4740
4761
4770
4830
4866
4868
4873
4893
5047
5054
5080
5100
5267
5306
5314
5389
5403
5439
5503
5546
5590
5631
5637
5712
5774
5860
5936
6014
6015
6017
6034
6171
6213
6298
6301
6340
6372
6471
6477
6490
6506
6541
6595
6606
6645
6700
6804
6833
6885
6889
6933
7007
7013
7020
7073
7122
7123
7152
7237
7259
7293
7343
7361
7410
7411
7489
7497
7520
7545
7549
7584
7716
7783
7817
7921
7960
8100
8208
8215
8297
8336
8340
8397
8417
8450
8576
8604
8665
8676
8777
8838
8881
9002
9093
9154
9394
9405
9428
9435
9456
9463
9615
9645
9690
9706
9841
9912
9975
10110
10196
10213
10239
10243
10300
10321
10354
10415
10473
10502
10511
10525
10598
10726
10742
10773
10918
11097
11166
11169
11225
11415
11487
11534
11548
11577
11596
11598
11682
11729
11743
11772
11774
11815
11827
11844
11847
11894
11899
11914
11916
11917
12044
12048
12129
12212
12316
12333
12347
12348
12434
12549
12569
12667
12701
12729
12808
12823
12888
12928
12977
12998
13065
13082
13099
13117
13185
13267
13309
13415
13455
13486
13518
13676
13707
13779
13807
13842
13936
13940
14009
14060
14098
14140
14150
14402
14436
14459
14505
14576
14604
14627
14657
14673
14738
14848
14879
14968
14976
15048
15160
15200
15240
15329
15629
15632
15652
15664
15682
15685
15711
15774
15795
15915
15925
15933
15960
16006
16053
16080
16125
16260
16290
16295
16320
16372
16413
16461
16507
16515
16584
16595
16607
16643
16674
16717
16727
16734
16887
16911
16920
17051
17070
17257
17360
17381
17442
17493
17505
17513
17557
17563
17569
17581
17794
17828
17890
17897
17971
18053
18055
18076
18114
18129
18156
18238
18243
18296
18466
18536
18545
18561
18567
18618
18892
18999
19034
19067
19134
19156
19225
19243
19254
19279
19349
19428
19489
19497
19748
19794
19816
19819
19830
19849
19894
19895
19917
19956
19970
20017
20120
20159
20164
20165
20224
20265
20296
20346
20377
20446
20528
20580
20805
20832
20919
20943
21093
21136
21171
21200
21243
21271
21297
21316
21340
21351
21446
21453
21463
21607
21638
21714
21717
21771
21790
21826
21849
21877
21911
21947
22037
22039
22050
22111
22152
22155
22202
22278
22306
22341
22429
22445
22449
22515
22533
22543
22611
22629
22676
22684
22796
22872
22910
22936
22977
23063
23067
23128
23176
23304
23338
23346
23488
23506
23591
23652
23659
23717
23782
23783
23798
23799
23835
23963
24072
24076
24094
24121
24249
24278
24306
24309
24369
24462
24736
24906
24964
24969
24977
25053
25084
25165
25261
25306
25322
25370
25385
25405
25415
25437
25507
25577
25653
25687
25715
25813
25831
25914
25982
26016
26047
26119
26166
26200
26246
26383
26387
26429
26440
26452
26461
26522
26532
26555
26557
26570
26602
26631
26708
26778
26804
26808
26867
26882
26908
26916
27008
27030
27080
27114
27286
27327
27435
27449
27462
27465
27468
27524
27584
27592
27638
27651
27726
27878
27917
27965
28047
28150
28228
28334
28347
28394
28425
28510
28580
28588
28719
28739
28783
28806
28807
28896
29019
29060
29239
29351
29481
29492
29509
29540
29674
29684
29751
29781
29792
29896
29921
29947
29949
30007
30011
30026
30071
30121
30128
30171
30186
30195
30273
30307
30319
30324
30326
30377
30385
30388
30413
30428
30537
30592
30659
30671
30674
30738
30785
30803
30809
30948
30978
31038
31160
31239
31244
31351
31365
31502
31588
31608
31694
31702
31712
31776
31842
31883
31892
32005
32066
32137
32201
32209
32295
32300
32307
32638
32664
32668
32677
32743
32850
32875
32932
32955
33089
33225
33226
33277
33390
33500
33577
33587
33678
33724
33759
33824
33829
33921
34144
34235
34237
34253
34292
34299
34332
34347
34384
34418
34458
34464
34526
34566
34713
34728
34729
34839
34852
34874
34924
34986
34988
35152
35227
35250
35374
35482
35516
35611
35627
35706
35750
35824
35899
35928
35962
35992
35993
36041
36078
36097
36114
36121
36139
36168
36220
36229
36322
36325
36343
36378
36441
36547
36664
36762
36803
36845
36876
36977
36993
36998
37048
37145
37159
37207
37254
37353
37426
37655
37668
37682
37755
37799
37823
37856
37886
37895
37902
37961
37996
38024
38061
38077
38091
38269
38276
38294
38311
38363
38418
38457
38477
38479
38508
38543
38591
38603
38633
38649
38676
38679
38687
38711
38757
38986
39103
39116
39266
39310
39402
39414
39458
39464
39472
39586
39594
39623
39786
39793
39819
39840
39912
40038
40067
40091
40195
40244
40272
40323
40407
40469
40489
40546
40569
40761
40775
40812
40814
40840
40893
41103
41149
41240
41319
41323
41428
41469
41482
41509
41521
41627
41693
41709
41773
41863
41865
41900
41940
41944
41994
42004
42185
42360
42361
42527
42571
42636
42645
42646
42677
42717
42738
42760
42796
42802
42837
42852
42869
42879
42892
42931
42935
43002
43007
43045
43070
43137
43140
43144
43168
43182
43242
43244
43295
43301
43319
43378
43466
43475
43568
43653
43704
43850
43876
43877
43917
43928
43974
44007
44148
44193
44201
44253
44350
44416
44423
44551
44660
44756
44770
44776
44984
45134
45163
45234
45328
45511
45535
45548
45780
45795
45975
45993
46055
46064
46065
46075
46134
46197
46256
46278
46281
46346
46389
46464
46499
46523
46599
46622
46632
46770
46865
46870
46880
46893
46917
46937
46938
46951
46984
47005
47038
47072
47084
47130
47134
47153
47192
47231
47272
47320
47321
47345
47397
47424
47505
47723
47736
47737
47850
47902
47921
48006
48052
48086
48111
48166
48285
48327
48370
48411
48433
48436
48481
48519
48535
48573
48637
48727
48728
48793
48808
48819
48829
49134
49166
49227
49246
49252
49273
49284
49358
49407
49411
49478
49501
49513
49637
49642
49676
49684
49805
2
48
86
108
112
119
120
129
139
196
234
265
317
368
374
397
606
608
797
826
849
867
880
1039
1059
1107
1108
1182
1187
1336
1395
1398
1411
1631
1633
1667
1675
1740
1784
1867
1877
1907
1933
2071
2092
2174
2212
2213
2230
2267
2366
2396
2436
2546
2584
2686
2781
2834
2863
2871
2883
2893
2927
2945
2946
3005
3121
3138
3189
3255
3299
3367
3393
3404
3425
3694
3737
3780
3810
3855
3858
3861
3937
3960
3968
4139
4147
4175
4181
4257
4320
4391
4418
4821
4847
4916
4943
4963
4967
4982
5153
5179
5240
5267
5269
5270
5378
5396
5439
5444
5458
5480
5577
5590
5638
5879
5936
5993
5994
6015
6017
6081
6213
6287
6367
6372
6471
6505
6541
6564
6645
6648
6652
6748
6818
6833
6874
6933
7062
7073
7137
7224
7296
7301
7361
7411
7425
7482
7489
7545
7574
7756
7774
7817
7836
7841
7849
7929
7960
8105
8215
8290
8297
8336
8376
8439
8464
8497
8512
8514
8560
8576
8579
8604
8652
8708
8721
8745
8764
8767
8825
9002
9056
9272
9281
9422
9529
9531
9620
9733
9787
9789
9819
9855
9863
9905
9912
9942
9961
9974
10117
10150
10196
10243
10244
10265
10300
10321
10333
10393
10415
10440
10485
10502
10525
10527
10531
10571
10573
10647
10680
10742
10810
10820
10937
11168
11198
11239
11403
11421
11462
11513
11540
11567
11581
11598
11734
11772
11812
11827
11894
11933
12078
12124
12129
12154
12221
12316
12348
12372
12526
12586
12656
12677
12701
12758
12799
12808
12818
12823
12883
12896
12928
12965
12998
13024
13073
13086
13266
13271
13410
13572
13741
13779
13842
13843
13859
14009
14027
14042
14227
14242
14248
14285
14402
14461
14538
14657
14659
14665
14682
14684
14848
14861
14900
14938
14939
14968
14972
14983
15081
15160
15166
15190
15200
15206
15235
15292
15315
15329
15574
15632
15691
15721
15730
15773
15809
15924
15933
15970
16053
16100
16115
16117
16125
16178
16194
16248
16290
16320
16348
16382
16420
16423
16504
16549
16598
16643
16816
16877
16892
16920
17086
17106
17157
17292
17381
17493
17505
17546
17678
17850
17887
17897
17950
18014
18053
18055
18088
18129
18175
18267
18296
18520
18554
18567
18578
18697
18725
18734
18763
18806
18889
18895
18969
18982
19003
19034
19072
19138
19155
19200
19232
19243
19254
19283
19286
19446
19535
19598
19626
19628
19748
19789
19819
19873
19894
19904
19956
19986
20021
20159
20224
20265
20329
20346
20422
20432
20614
20654
20791
20816
20943
20953
21030
21097
21187
21240
21271
21297
21395
21435
21463
21485
21506
21512
21602
21603
21649
21717
21826
21864
21877
21878
21934
21954
21958
22009
22039
22051
22152
22207
22267
22280
22291
22304
22411
22429
22445
22453
22515
22528
22607
22611
22630
22751
22796
22867
22872
22977
23023
23027
23056
23134
23195
23212
23491
23503
23544
23549
23591
23705
23752
23783
23798
23851
23855
23984
24036
24078
24121
24133
24147
24201
24278
24309
24412
24429
24457
24504
24523
24541
24589
24718
24736
24755
24833
24858
24886
24997
25053
25095
25168
25188
25286
25322
25425
25428
25435
25457
25577
25687
25693
25813
25879
25919
25982
26047
26159
26200
26246
26280
26383
26398
26410
26433
26452
26483
26522
26545
26557
26606
26662
26672
26749
26778
26783
26810
26882
26917
27181
27191
27278
27313
27327
27339
27462
27464
27468
27487
27499
27504
27523
27685
27689
27691
27695
27719
27726
27821
27870
27923
27925
27927
27959
28077
28078
28097
28228
28241
28334
28510
28670
28739
28766
28791
28806
28832
28845
28876
28954
29061
29132
29156
29384
29387
29392
29492
29526
29659
29663
29703
29727
29747
29757
29792
29899
29921
29951
29970
30171
30219
30245
30273
30307
30319
30361
30385
30418
30502
30567
30569
30574
30592
30602
30671
30674
30738
30741
30845
30993
31044
31140
31148
31239
31261
31319
31351
31399
31488
31619
31625
31666
31680
31694
31717
31808
31940
32013
32019
32180
32201
32264
32298
32313
32385
32451
32456
32561
32627
32677
32737
32765
32875
32886
32967
33032
33089
33163
33164
33225
33330
33335
33342
33402
33496
33500
33523
33577
33587
33655
33712
33719
33776
33794
33829
33864
33875
33993
34062
34074
34144
34271
34299
34332
34418
34424
34470
34506
34526
34621
34666
34697
34707
34722
34728
34783
34934
34974
34980
35075
35117
35152
35227
35240
35316
35371
35374
35377
35420
35435
35459
35484
35516
35603
35613
35640
35726
35764
35845
35899
35928
35990
36078
36088
36151
36188
36190
36229
36278
36281
36343
36345
36446
36450
36476
36565
36753
36774
36845
36930
36936
36952
36993
37048
37183
37185
37254
37291
37353
37420
37488
37528
37683
37724
37796
37878
38061
38065
38069
38077
38091
38124
38151
38178
38240
38259
38269
38331
38334
38363
38376
38400
38479
38495
38508
38633
38672
38679
38695
38831
38943
39042
39138
39173
39211
39266
39414
39544
39568
39584
39586
39635
39779
39785
39786
39831
39884
39914
39967
40012
40015
40018
40195
40273
40281
40288
40569
40609
40653
40656
40682
40775
40778
40892
40893
40985
40992
41010
41066
41082
41119
41149
41177
41200
41215
41260
41319
41428
41432
41472
41481
41521
41621
41627
41669
41693
41730
41811
41863
41900
41994
42004
42008
42023
42034
42121
42317
42321
42360
42369
42388
42431
42468
42546
42636
42673
42717
42798
42911
42972
43014
43030
43108
43244
43270
43295
43301
43319
43378
43389
43437
43455
43466
43493
43540
43562
43568
43583
43623
43752
43927
43974
44063
44095
44096
44176
44253
44310
44324
44342
44386
44497
44528
44541
44646
44660
44747
44778
44841
45127
45134
45142
45163
45168
45172
45215
45236
45335
45351
45355
45416
45473
45511
45576
45622
45627
45629
45647
45673
45678
45736
45780
45932
45948
45975
46055
46075
46181
46235
46278
46389
46488
46528
46555
46561
46582
46641
46678
46706
46770
46778
46845
46918
46938
47071
47102
47128
47205
47320
47388
47621
47641
47687
47736
47739
47857
47915
47921
48034
48052
48102
48300
48341
48345
48371
48481
48535
48573
48614
48627
48637
48638
48683
48728
48808
48815
48829
48844
48865
48933
49273
49284
49288
49305
49358
49409
49435
49446
49475
49498
49501
49535
49588
49597
49634
49676
49688
49707
49908
48
76
104
118
119
120
139
145
169
179
234
347
374
537
556
606
608
619
673
721
880
882
1037
1045
1081
1164
1182
1251
1337
1344
1393
1411
1632
1679
1774
1777
1784
1888
1904
2063
2097
2125
2151
2174
2230
2233
2266
2267
2296
2322
2333
2356
2379
2415
2546
2567
2584
2672
2677
2686
2690
2796
2826
2834
2866
2871
2907
2946
3005
3184
3189
3236
3268
3275
3291
3299
3375
3757
3780
3854
3855
3942
4123
4147
4169
4178
4181
4205
4257
4294
4364
4365
4671
4708
4741
4790
4794
4838
4916
4971
5080
5267
5358
5372
5439
5458
5495
5707
5793
5879
5936
5960
5992
6015
6017
6051
6077
6121
6143
6164
6193
6213
6333
6372
6461
6471
6502
6503
6541
6565
6598
6599
6645
6691
6760
6804
6833
6933
6938
7069
7073
7271
7311
7337
7411
7434
7454
7489
7497
7502
7503
7545
7581
7593
7610
7612
7713
7817
7834
7835
7956
7960
8001
8211
8215
8251
8265
8267
8297
8332
8336
8349
8367
8376
8451
8512
8524
8576
8604
8684
8714
8725
8812
8823
8878
9000
9002
9179
9225
9507
9615
9678
9689
9798
9863
9888
9912
9940
9954
9985
10041
10134
10139
10196
10206
10234
10243
10273
10300
10321
10338
10415
10432
10502
10525
10544
10645
10742
10743
10766
11033
11169
11227
11285
11330
11335
11432
11463
11521
11598
11630
11648
11672
11758
11760
11772
11774
11782
11827
11894
11902
11916
12030
12032
12059
12072
12078
12096
12124
12129
12163
12218
12240
12262
12316
12348
12425
12447
12472
12538
12597
12701
12745
12808
12823
12889
12957
12998
13402
13404
13410
13413
13535
13670
13757
13841
13842
13883
13913
13970
14009
14026
14033
14065
14099
14285
14328
14402
14425
14428
14495
14505
14557
14637
14657
14665
14777
14848
14968
14993
15048
15095
15160
15200
15206
15249
15309
15385
15464
15502
15503
15506
15590
15600
15632
15674
15681
15690
15933
15938
16008
16015
16033
16053
16080
16125
16198
16290
16315
16320
16371
16643
16679
16742
16744
16816
16823
16839
16920
16933
16974
17159
17326
17339
17381
17414
17493
17499
17505
17522
17532
17577
17687
17822
17862
17878
17887
17897
17898
17907
17989
18010
18011
18053
18055
18063
18084
18129
18200
18279
18296
18408
18567
18713
18775
18892
18943
18999
19034
19150
19192
19243
19254
19263
19283
19357
19481
19535
19571
19574
19600
19633
19678
19688
19815
19819
19829
19894
19898
19956
20005
20120
20159
20224
20265
20346
20479
20532
20567
20590
20612
20685
20824
20881
20943
20944
20951
21212
21240
21257
21271
21273
21297
21316
21360
21438
21463
21469
21527
21529
21598
21643
21717
21749
21768
21769
21803
21809
21826
21837
21877
22002
22039
22111
22146
22152
22170
22171
22267
22269
22332
22429
22445
22513
22515
22574
22611
22677
22684
22746
22779
22872
22926
22942
23020
23023
23216
23273
23308
23319
23443
23456
23523
23560
23591
23625
23651
23675
23758
23783
23798
23836
24077
24099
24102
24121
24193
24278
24309
24321
24336
24532
24589
24618
24693
24706
24736
24857
24886
24971
25028
25053
25233
25317
25322
25359
25370
25383
25425
25426
25457
25577
25584
25687
25696
25716
25738
25768
25809
25810
25813
25848
25875
25892
25980
26047
26188
26200
26246
26274
26297
26319
26383
26397
26414
26431
26452
26454
26522
26557
26582
26667
26714
26741
26778
26798
26800
26807
26882
26887
26994
27112
27147
27206
27225
27327
27389
27393
27440
27462
27651
27695
27726
27734
27761
27794
27837
27921
27986
27995
27998
28078
28122
28228
28304
28319
28334
28356
28510
28606
28689
28739
28783
28806
28862
28882
29068
29214
29245
29484
29492
29496
29576
29703
29732
29792
29869
29910
29921
29947
30065
30121
30171
30272
30273
30307
30319
30364
30385
30420
30462
30592
30674
30726
30730
30738
30777
30944
30993
31027
31033
31100
31134
31160
31170
31188
31239
31351
31361
31377
31694
31712
31763
31817
31883
31965
32008
32020
32085
32095
32181
32201
32225
32288
32478
32639
32677
32779
32800
32811
32822
32875
32908
32913
32931
33025
33045
33085
33116
33225
33322
33450
33500
33523
33577
33587
33591
33603
33607
33642
33655
33789
33829
33860
33970
33976
34057
34081
34144
34190
34225
34256
34299
34332
34372
34418
34455
34489
34526
34563
34616
34686
34701
34707
34728
34748
34783
34864
34879
34881
35015
35017
35080
35088
35118
35127
35152
35168
35227
35251
35258
35267
35374
35421
35453
35516
35611
35640
35732
35899
35928
36036
36078
36122
36213
36229
36233
36251
36343
36418
36605
36609
36712
36789
36845
36886
36919
36921
36993
37048
37219
37254
37281
37313
37353
37405
37484
37499
37518
37564
37566
37619
37663
37812
37902
37989
38026
38061
38065
38074
38077
38112
38240
38269
38334
38363
38401
38426
38439
38449
38465
38473
38479
38508
38633
38729
38741
38815
39005
39046
39065
39096
39146
39211
39265
39266
39302
39347
39358
39414
39491
39566
39581
39586
39771
39786
39793
39912
39952
39976
40038
40067
40109
40128
40159
40195
40288
40321
40529
40537
40556
40569
40656
40684
40775
40829
40834
40855
40893
41004
41034
41149
41170
41252
41319
41428
41447
41465
41507
41521
41561
41627
41693
41753
41756
41786
41814
41852
41863
41900
41994
42001
42033
42034
42042
42062
42133
42236
42284
42317
42360
42422
42469
42481
42513
42636
42652
42669
42717
42741
42924
42995
43038
43075
43110
43124
43144
43244
43258
43295
43301
43319
43378
43443
43508
43524
43545
43568
43630
43785
43878
43974
44028
44029
44094
44175
44253
44318
44404
44410
44423
44528
44596
44612
44654
44660
44750
44834
44915
44928
45003
45100
45163
45179
45209
45226
45265
45318
45355
45395
45496
45511
45600
45617
45647
45671
45696
45738
45741
45780
45850
45975
46038
46055
46068
46145
46239
46246
46278
46306
46371
46389
46390
46502
46514
46550
46673
46690
46770
46938
47033
47038
47039
47130
47209
47287
47297
47311
47320
47321
47357
47394
47440
47527
47591
47680
47736
47741
47857
47867
47921
48052
48166
48279
48318
48371
48435
48439
48481
48535
48573
48594
48637
48683
48728
48808
48829
48923
49039
49210
49213
49273
49284
49323
49358
49423
49436
49437
49460
49501
49522
49558
49654
49659
49676
49685
49781
49870
49921
49962
